174, 201, 208, 209, 210, 211, 212, 213, 240, 266, 270, 294, 296, 301, 344, 357, 385, 392, 393, 440, 472, 484, 496, 497, 500, 522, 542, 568, 570, 571, 572, 578, 596, 598, 623, 624, 626, 638, 666
26, 65, 72, 101, 105, 202, 233, 235, 242, 265, 268, 282, 286, 292, 293, 295, 298, 342, 345, 346, 347, 348, 355, 373, 376, 381, 383, 387, 421, 445, 447, 460, 480, 487, 491, 499, 509, 510, 511, 512, 514, 516, 538, 546, 548, 565, 576, 582, 595, 599, 600, 605, 607, 610, 627, 629, 631, 633, 634, 654, 660, 664, 688, 720, 721
118, 232, 236, 237, 243, 267, 297, 299, 303, 328, 329, 356, 384, 422, 444, 469, 471, 515, 544
238, 239
51, 99, 146, 264, 273, 320, 327, 375, 382, 400, 401, 404, 405, 408, 411, 412, 413, 415, 426, 429, 430, 436, 437, 438, 458, 470, 473, 483, 486, 493, 495, 521, 523, 540, 551, 577, 580, 594, 597, 601, 603, 604, 606, 632, 639, 652, 655, 661, 665, 681, 687, 709, 715, 716
145, 269, 300, 350, 403, 414, 416, 423, 424, 432, 439, 442, 443, 466, 467, 468, 485, 494, 552, 569, 579, 625, 628, 651, 653, 693
9, 13, 23, 24, 34, 38, 43, 45, 61, 63, 64, 66, 68, 74, 75, 76, 77, 79, 81, 89, 93, 94, 97, 98, 102, 104, 108, 110, 111, 117, 119, 121, 126, 129, 130, 132, 133, 134, 135, 136, 139, 150, 154, 157, 160, 163, 164, 165, 166, 167, 175, 176, 178, 179, 180, 181, 182, 184, 186, 188, 189, 191, 197, 198, 207, 220, 225, 226, 230, 245, 246, 248, 250, 254, 260, 261, 262, 263, 271, 274, 278, 281, 283, 288, 290, 302, 305, 306, 307, 308, 310, 312, 313, 315, 321, 324, 325, 326, 333, 336, 339, 340, 341, 351, 359, 360, 361, 365, 366, 368, 369, 379, 388, 389, 397, 398, 406, 420, 453, 457, 461, 476, 478, 479, 490, 501, 502, 508, 517, 518, 519, 525, 526, 529, 530, 533, 534, 536, 555, 556, 559, 560, 581, 584, 586, 587, 590, 592, 609, 614, 615, 618, 636, 643, 650, 659, 662, 663, 690, 695, 704, 705, 706, 707, 717, 719, 732, 733, 736, 737, 738, 739, 740, 743, 749, 751, 752, 760, 764, 768, 772, 778, 779
124, 241
0, 1, 2, 3, 4, 5, 6, 7, 8, 10, 11, 12, 14, 15, 16, 17, 18, 19, 20, 21, 22, 27, 28, 29, 30, 31, 32, 35, 39, 40, 41, 42, 46, 47, 48, 49, 50, 54, 55, 56, 57, 58, 59, 60, 62, 67, 69, 70, 71, 82, 83, 84, 85, 86, 87, 88, 90, 91, 92, 95, 109, 112, 113, 114, 115, 116, 120, 122, 125, 140, 141, 142, 143, 144, 148, 151, 152, 153, 158, 159, 161, 162, 168, 169, 170, 171, 172, 185, 190, 192, 193, 194, 195, 196, 199, 200, 218, 219, 221, 222, 223, 224, 227, 228, 247, 251, 252, 256, 279, 280, 309, 311, 332, 334, 335, 337, 338, 362, 363, 390, 391, 434, 448, 449, 462, 477, 503, 504, 505, 506, 507, 531, 532, 535, 554, 557, 558, 561, 562, 563, 585, 588, 589, 591, 608, 612, 613, 616, 617, 619, 620, 621, 640, 641, 642, 644, 645, 646, 647, 648, 649, 668, 669, 670, 671, 672, 673, 674, 675, 676, 677, 686, 696, 697, 698, 699, 700, 701, 702, 703, 718, 723, 724, 725, 726, 727, 728, 729, 730, 731, 734, 735, 741, 742, 744, 745, 746, 747, 753, 754, 755, 756, 757, 758, 759, 762, 763, 765, 766, 767, 769, 770, 771, 773, 774, 775, 777, 780, 781, 782, 783
33, 37, 44, 73, 78, 96, 103, 106, 107, 128, 131, 147, 149, 156, 177, 204, 205, 214, 216, 229, 244, 249, 255, 258, 275, 276, 277, 291, 304, 316, 317, 318, 364, 367, 374, 378, 386, 419, 450, 451, 475, 498, 553, 611, 657, 678, 684, 748, 761
25, 36, 52, 53, 80, 123, 127, 137, 138, 155, 183, 187, 203, 206, 215, 217, 231, 234, 253, 257, 259, 272, 284, 285, 287, 289, 314, 319, 322, 323, 330, 331, 343, 349, 352, 353, 354, 358, 370, 371, 372, 377, 380, 394, 395, 396, 399, 402, 407, 409, 410, 417, 418, 425, 427, 428, 433, 435, 446, 452, 454, 455, 456, 463, 464, 465, 474, 481, 482, 488, 489, 492, 513, 520, 524, 527, 528, 537, 539, 541, 543, 545, 547, 549, 550, 564, 566, 567, 573, 574, 575, 583, 593, 602, 622, 630, 635, 637, 656, 658, 667, 679, 680, 682, 683, 685, 689, 691, 692, 694, 708, 710, 711, 712, 713, 714, 722, 750, 776
100, 173, 431, 441, 459
